10 0 3 9 9
0 0 dr 25.6907194043197 0.577082416767899 11.2788559044107 0.0116108917113176
0 1 rud 0.0687987167581341 0.120311605902415 89.8399554017928 198.151088713489
0 2 dur 25.6907194043197 0.577082416767899 11.2788559044107 0.0116108917113176
0 3 rud 0.0687987167581341 0.120311605902415 89.8399554017928 198.151088713489
0 4 dur 25.6907194043197 0.577082416767899 11.2788559044107 0.0116108917113176
0 5 rud 0.0687987167581341 0.120311605902415 89.8399554017928 198.151088713489
0 6 dur 25.6907194043197 0.577082416767899 11.2788559044107 0.0116108917113176
0 7 rud 0.0687987167581341 0.120311605902415 89.8399554017928 198.151088713489
0 8 dur 25.6907194043197 0.577082416767899 11.2788559044107 0.0116108917113176
0 9 ru 0.0687987167581341 0.120311605902415 89.8399554017928 198.151088713489
1 0 dlr 25.6907194043197 0.577082416767899 11.2788559044107 0.0116108917113176
1 1 rlud 0.0687987167581341 0.120311605902415 89.8399554017928 198.151088713489
1 2 dulr 25.6907194043197 0.577082416767899 11.2788559044107 0.0116108917113176
1 3 rlud 0.0687987167581341 0.120311605902415 89.8399554017928 198.151088713489
1 4 dulr 25.6907194043197 0.577082416767899 11.2788559044107 0.0116108917113176
1 5 rlud 0.0687987167581341 0.120311605902415 89.8399554017928 198.151088713489
1 6 dulr 25.6907194043197 0.577082416767899 11.2788559044107 0.0116108917113176
1 7 rlud 0.0687987167581341 0.120311605902415 89.8399554017928 198.151088713489
1 8 dulr 25.6907194043197 0.577082416767899 11.2788559044107 0.0116108917113176
1 9 rlu 0.0687987167581341 0.120311605902415 89.8399554017928 198.151088713489
2 0 dlr 25.6907194043197 0.577082416767899 11.2788559044107 0.0116108917113176
2 1 rlud 0.0687987167581341 0.120311605902415 89.8399554017928 198.151088713489
2 2 dulr 25.6907194043197 0.577082416767899 11.2788559044107 0.0116108917113176
2 3 rlud 0.0687987167581341 0.120311605902415 89.8399554017928 198.151088713489
2 4 dulr 25.6907194043197 0.577082416767899 11.2788559044107 0.0116108917113176
2 5 rlud 0.0687987167581341 0.120311605902415 89.8399554017928 198.151088713489
2 6 dulr 25.6907194043197 0.577082416767899 11.2788559044107 0.0116108917113176
2 7 rlud 0.0687987167581341 0.120311605902415 89.8399554017928 198.151088713489
2 8 dulr 25.6907194043197 0.577082416767899 11.2788559044107 0.0116108917113176
2 9 rlu 0.0687987167581341 0.120311605902415 89.8399554017928 198.151088713489
3 0 dlr 25.6907194043197 0.577082416767899 11.2788559044107 0.0116108917113176
3 1 rlud 0.0687987167581341 0.120311605902415 89.8399554017928 198.151088713489
3 2 dulr 25.6907194043197 0.577082416767899 11.2788559044107 0.0116108917113176
3 3 rlud 0.0687987167581341 0.120311605902415 89.8399554017928 198.151088713489
3 4 dulr 25.6907194043197 0.577082416767899 11.2788559044107 0.0116108917113176
3 5 rlud 0.0687987167581341 0.120311605902415 89.8399554017928 198.151088713489
3 6 dulr 25.6907194043197 0.577082416767899 11.2788559044107 0.0116108917113176
3 7 rlud 0.0687987167581341 0.120311605902415 89.8399554017928 198.151088713489
3 8 dulr 25.6907194043197 0.577082416767899 11.2788559044107 0.0116108917113176
3 9 rlu 0.0687987167581341 0.120311605902415 89.8399554017928 198.151088713489
4 0 dlr 25.6907194043197 0.577082416767899 11.2788559044107 0.0116108917113176
4 1 rlud 0.0687987167581341 0.120311605902415 89.8399554017928 198.151088713489
4 2 dulr 25.6907194043197 0.577082416767899 11.2788559044107 0.0116108917113176
4 3 rlud 0.0687987167581341 0.120311605902415 89.8399554017928 198.151088713489
4 4 dulr 25.6907194043197 0.577082416767899 11.2788559044107 0.0116108917113176
4 5 rlud 0.0687987167581341 0.120311605902415 89.8399554017928 198.151088713489
4 6 dulr 25.6907194043197 0.577082416767899 11.2788559044107 0.0116108917113176
4 7 rlud 0.0687987167581341 0.120311605902415 89.8399554017928 198.151088713489
4 8 dulr 25.6907194043197 0.577082416767899 11.2788559044107 0.0116108917113176
4 9 rlu 0.0687987167581341 0.120311605902415 89.8399554017928 198.151088713489
5 0 dlr 25.6907194043197 0.577082416767899 11.2788559044107 0.0116108917113176
5 1 rlud 0.0687987167581341 0.120311605902415 89.8399554017928 198.151088713489
5 2 dulr 25.6907194043197 0.577082416767899 11.2788559044107 0.0116108917113176
5 3 rlud 0.0687987167581341 0.120311605902415 89.8399554017928 198.151088713489
5 4 dulr 25.6907194043197 0.577082416767899 11.2788559044107 0.0116108917113176
5 5 rlud 0.0687987167581341 0.120311605902415 89.8399554017928 198.151088713489
5 6 dulr 25.6907194043197 0.577082416767899 11.2788559044107 0.0116108917113176
5 7 rlud 0.0687987167581341 0.120311605902415 89.8399554017928 198.151088713489
5 8 dulr 25.6907194043197 0.577082416767899 11.2788559044107 0.0116108917113176
5 9 rlu 0.0687987167581341 0.120311605902415 89.8399554017928 198.151088713489
6 0 dlr 25.6907194043197 0.577082416767899 11.2788559044107 0.0116108917113176
6 1 rlud 0.0687987167581341 0.120311605902415 89.8399554017928 198.151088713489
6 2 dulr 25.6907194043197 0.577082416767899 11.2788559044107 0.0116108917113176
6 3 rlud 0.0687987167581341 0.120311605902415 89.8399554017928 198.151088713489
6 4 dulr 25.6907194043197 0.577082416767899 11.2788559044107 0.0116108917113176
6 5 rlud 0.0687987167581341 0.120311605902415 89.8399554017928 198.151088713489
6 6 dulr 25.6907194043197 0.577082416767899 11.2788559044107 0.0116108917113176
6 7 rlud 0.0687987167581341 0.120311605902415 89.8399554017928 198.151088713489
6 8 dulr 25.6907194043197 0.577082416767899 11.2788559044107 0.0116108917113176
6 9 rlu 0.0687987167581341 0.120311605902415 89.8399554017928 198.151088713489
7 0 dlr 25.6907194043197 0.577082416767899 11.2788559044107 0.0116108917113176
7 1 rlud 0.0687987167581341 0.120311605902415 89.8399554017928 198.151088713489
7 2 dulr 25.6907194043197 0.577082416767899 11.2788559044107 0.0116108917113176
7 3 rlud 0.0687987167581341 0.120311605902415 89.8399554017928 198.151088713489
7 4 dulr 25.6907194043197 0.577082416767899 11.2788559044107 0.0116108917113176
7 5 rlud 0.0687987167581341 0.120311605902415 89.8399554017928 198.151088713489
7 6 dulr 25.6907194043197 0.577082416767899 11.2788559044107 0.0116108917113176
7 7 rlud 0.0687987167581341 0.120311605902415 89.8399554017928 198.151088713489
7 8 dulr 25.6907194043197 0.577082416767899 11.2788559044107 0.0116108917113176
7 9 rlu 0.0687987167581341 0.120311605902415 89.8399554017928 198.151088713489
8 0 dlr 25.6907194043197 0.577082416767899 11.2788559044107 0.0116108917113176
8 1 rlud 0.0687987167581341 0.120311605902415 89.8399554017928 198.151088713489
8 2 dulr 25.6907194043197 0.577082416767899 11.2788559044107 0.0116108917113176
8 3 rlud 0.0687987167581341 0.120311605902415 89.8399554017928 198.151088713489
8 4 dulr 25.6907194043197 0.577082416767899 11.2788559044107 0.0116108917113176
8 5 rlud 0.0687987167581341 0.120311605902415 89.8399554017928 198.151088713489
8 6 dulr 25.6907194043197 0.577082416767899 11.2788559044107 0.0116108917113176
8 7 rlud 0.0687987167581341 0.120311605902415 89.8399554017928 198.151088713489
8 8 dulr 25.6907194043197 0.577082416767899 11.2788559044107 0.0116108917113176
8 9 rlu 0.0687987167581341 0.120311605902415 89.8399554017928 198.151088713489
9 0 dl 25.6907194043197 0.577082416767899 11.2788559044107 0.0116108917113176
9 1 lud 0.0687987167581341 0.120311605902415 89.8399554017928 198.151088713489
9 2 dul 25.6907194043197 0.577082416767899 11.2788559044107 0.0116108917113176
9 3 lud 0.0687987167581341 0.120311605902415 89.8399554017928 198.151088713489
9 4 dul 25.6907194043197 0.577082416767899 11.2788559044107 0.0116108917113176
9 5 lud 0.0687987167581341 0.120311605902415 89.8399554017928 198.151088713489
9 6 dul 25.6907194043197 0.577082416767899 11.2788559044107 0.0116108917113176
9 7 lud 0.0687987167581341 0.120311605902415 89.8399554017928 198.151088713489
9 8 dul 25.6907194043197 0.577082416767899 11.2788559044107 0.0116108917113176
9 9 lu 0.0687987167581341 0.120311605902415 89.8399554017928 198.151088713489

